  Final positions and velocities for a Molecular Dynamics simulation
 36 KEDrain 0.999960 12.00 180.00 0.0050 1.00 1.00 
5.0536e+00 1.0164e+01 -3.42260e-01 -1.34769e-01
7.7539e+00 1.4272e+00 -1.09939e+00 5.93888e-01
5.0156e+00 8.9031e+00 -3.62738e-01 -1.06119e+00
8.1390e+00 7.6519e+00 -1.89952e-01 4.47349e-01
8.4053e+00 9.0805e+00 -4.51709e-01 1.07859e+00
8.6726e+00 5.7370e+00 -4.98090e-01 1.01452e+00
6.3809e+00 8.3964e+00 1.08268e+00 2.11241e-01
6.6843e+00 5.8214e+00 -4.28110e-01 -1.16592e-01
1.0024e+01 2.1336e+00 4.02875e-01 -4.15264e-02
3.6137e+00 1.0498e+01 -6.86817e-01 1.61654e-02
6.1018e+00 9.5164e+00 5.67289e-01 -4.01182e-01
1.9315e+00 9.0925e+00 2.61873e-01 1.46630e-01
8.8554e+00 6.7735e+00 2.70661e-01 2.93338e-01
4.6710e+00 6.7387e+00 -2.86948e-01 -1.93680e-01
4.0428e+00 9.3037e+00 -6.20229e-01 -3.32986e-01
8.7830e+00 4.6088e+00 1.05719e+00 1.08417e-01
3.5582e+00 6.3507e+00 1.13233e+00 -1.07016e-01
2.3374e+00 1.6926e+00 -2.20838e-01 -1.33466e+00
1.1368e+01 1.1653e+01 7.00985e-01 1.55509e-01
2.9474e+00 8.3657e+00 -6.26318e-01 1.31041e-01
2.6832e+00 1.1100e+01 -7.01401e-01 3.06514e-01
4.7101e+00 7.8222e+00 -2.81929e-01 2.59770e-01
7.6108e+00 6.4444e+00 1.24977e+00 -2.95197e-01
5.5277e+00 6.1862e+00 -1.06247e+00 -5.83303e-01
3.7106e+00 7.4645e+00 5.27472e-01 -1.16585e+00
9.9999e-01 8.4667e+00 -3.14173e-02 9.66013e-02
7.0687e+00 7.4210e+00 1.03184e-01 1.89999e-01
1.2422e+00 1.0096e+01 -8.75052e-01 2.24108e-01
2.5207e+00 6.9741e+00 -1.70800e-01 -5.74507e-01
1.0420e+01 8.2439e+00 3.26451e-01 -3.75661e-01
1.8618e+00 7.9390e+00 -2.35012e-01 1.86816e+00
5.7495e+00 7.4324e+00 5.44669e-01 -1.47745e-01
7.6482e+00 5.2914e+00 1.08101e+00 7.47939e-02
7.4705e+00 8.4564e+00 -1.45504e-01 -4.03054e-01
2.6379e+00 9.9295e+00 -3.40066e-02 -2.34883e-01
9.2896e+00 8.0290e+00 4.25447e-02 2.87164e-01
