  Final positions and velocities for a Molecular Dynamics simulation
 36 KEDrain 0.999910 12.00 180.00 0.0050 1.00 1.00 
2.6031e-01 1.0712e+00 -4.44289e-02 -1.17837e+00
1.0448e+01 2.4877e-01 -3.68577e-01 6.37866e-01
2.3855e+00 1.1065e+01 -2.74708e-01 4.68615e-01
2.2676e+00 9.0736e+00 -1.66174e-01 -2.38240e-02
1.0819e+01 9.3022e+00 -4.54693e-01 2.78229e-01
9.3542e+00 3.9800e-01 -3.24801e-01 3.99205e-02
8.6664e+00 1.1403e+01 -1.80391e-01 1.01571e-01
1.1753e+00 9.0922e+00 -3.49388e-01 -4.02761e-01
1.1416e+01 1.0195e+01 -2.18168e-01 6.15832e-01
7.3357e-01 2.1020e+00 4.81259e-02 6.71256e-01
1.1204e+01 1.2770e+00 5.34364e-01 2.96909e-01
1.1551e+01 2.0867e-01 -2.03939e-01 6.07198e-02
9.7245e+00 9.3539e+00 -1.98375e-01 2.82713e-01
1.0504e+01 8.2385e+00 1.74783e-01 -1.22677e+00
1.9559e+00 2.0786e+00 2.35255e-01 -8.56729e-02
8.0137e+00 1.0579e+01 -4.39986e-01 7.50365e-02
3.4382e+00 1.1117e+01 7.84664e-01 -3.69546e-01
6.9460e-01 1.0148e+01 -2.58766e-01 2.65835e-01
1.8396e+00 4.6684e-02 1.12597e-01 5.51430e-01
2.4034e+00 1.0598e+00 6.72076e-02 -1.34390e-01
1.8901e+00 1.0091e+01 5.24768e-01 -4.35493e-01
8.5777e+00 9.5548e+00 6.67528e-01 9.61215e-02
2.9605e+00 1.0163e+01 -2.59977e-01 3.36177e-01
2.8922e+00 2.2083e-02 9.10094e-03 1.05221e-02
1.2648e+00 1.1107e+01 -2.69132e-01 3.70490e-01
7.4950e-01 5.5534e-02 -1.70707e-01 -1.63316e-01
9.8487e+00 1.1353e+01 -8.58373e-02 1.89892e-03
9.2119e+00 1.0427e+01 3.72128e-01 -9.51538e-01
1.0932e+01 1.1256e+01 1.03695e-03 -3.25828e-03
2.8405e-02 9.2636e+00 1.31891e-01 1.08142e-01
1.2978e+00 1.1750e+00 4.22027e-01 8.37207e-01
1.0005e+01 1.2692e+00 -1.59376e-01 1.95003e-01
1.0289e+01 1.0269e+01 3.03407e-01 -3.91021e-01
9.1996e-02 1.1233e+01 -2.33088e-01 -6.15901e-01
1.5384e+00 8.0409e+00 1.53202e-01 -5.42362e-01
3.0575e+00 1.8676e+00 1.18427e-01 2.22726e-01
