  Final positions and velocities for a Molecular Dynamics simulation
 36 NoKEChange 12.00 120.00 0.0050 1.00 1.00 
5.7570e+01 2.6281e+01 1.73911e-01 6.29842e-01
1.7180e+01 7.8101e+01 2.34453e-01 9.70832e-01
-2.0092e-02 -7.6336e+01 -1.73239e-01 -7.13293e-01
5.7063e+01 2.7152e+01 7.91715e-01 -3.46025e-02
3.0025e+00 6.7480e+01 6.54820e-01 5.05671e-01
-6.1883e+00 -2.5184e+01 2.49811e-01 -3.94127e-02
-5.1522e+01 -2.7832e+01 -2.29338e-01 -1.76759e-01
-3.4852e+01 7.1104e+01 -5.84333e-01 7.90029e-01
1.3806e+02 1.6696e+02 1.15479e+00 1.47122e+00
4.1387e+00 6.6935e+01 -5.77538e-01 1.04911e+00
-1.1161e+02 -2.0589e+02 -1.71506e+00 -2.17953e+00
7.5287e+01 6.8848e+01 5.68022e-01 7.92193e-01
-2.1110e+01 9.3205e+00 -3.07917e-01 -5.53179e-02
1.6696e+02 -9.4260e+00 1.14689e+00 -3.25172e-01
-4.8067e+01 1.7027e+02 -6.01895e-01 1.54012e+00
-1.5994e+02 -3.8675e+01 -1.48083e+00 -4.27557e-01
-7.8555e+01 -1.3671e+02 -7.97672e-01 -1.23909e+00
4.4731e+00 8.6953e+01 6.82243e-02 8.22213e-01
1.6649e+02 -8.4034e+00 1.74739e+00 -4.40735e-02
1.9239e+02 -2.0398e+02 1.61386e+00 -1.77926e+00
3.7324e+00 2.2606e+01 1.58370e-01 -2.08768e-01
-5.5737e+00 -2.6359e+01 -7.32139e-01 -5.64340e-01
4.9655e+01 -1.8916e+01 4.14932e-01 -2.17049e-01
-1.4734e+02 5.5998e+00 -1.39216e+00 -9.90411e-02
1.2560e+02 -1.7642e+02 1.09568e+00 -1.58668e+00
-1.0755e+01 1.3680e+02 -2.91835e-01 1.31813e+00
4.5228e+00 2.1692e+01 -5.65233e-02 5.85529e-01
-1.1275e+02 -2.0572e+02 -5.53409e-01 -1.53142e+00
-1.9940e+02 -9.2039e+00 -1.81691e+00 -1.80696e-01
1.7512e+01 2.0213e+02 2.05674e-01 1.79444e+00
7.0933e+00 8.6345e+01 7.26620e-02 7.19607e-01
3.1759e+00 6.6233e+01 -1.45838e-01 2.60188e-01
1.2129e+02 -1.6326e+02 1.00835e+00 -1.45233e+00
1.8618e+01 7.8758e+01 1.48698e-01 5.49163e-01
9.4010e+01 -3.2860e+01 8.31049e-01 -4.27137e-01
-5.0658e+01 -2.7193e+01 -8.82672e-01 -5.16749e-01
