  Final positions and velocities for a Molecular Dynamics simulation
 36 KEDrain 0.999970 12.00 180.00 0.0050 1.00 1.00 
1.1423e+01 4.3138e+00 -1.29862e+00 -3.02704e-01
4.5885e+00 3.6069e+00 3.90583e-01 1.23314e+00
1.1767e+01 6.2369e+00 -9.33173e-02 -6.35268e-01
1.0177e+01 6.4498e-01 -5.56000e-01 -4.86133e-01
1.0101e+01 9.9206e+00 3.22998e-01 7.16034e-01
3.7359e+00 4.1704e+00 -3.60345e-01 2.37713e-01
1.0753e+01 1.1727e+01 7.29173e-02 4.47100e-01
1.1690e+01 3.1745e+00 1.06617e+00 -4.60459e-02
7.1907e+00 5.0727e-01 -4.95434e-01 1.46905e-03
6.8420e+00 3.9407e+00 -8.54109e-01 1.82119e-01
9.1260e+00 1.1892e+01 4.28728e-01 3.68069e-01
9.7773e+00 1.0955e+01 -8.62860e-01 -6.88396e-01
1.1473e+01 8.3476e+00 -4.27937e-01 -7.95895e-02
9.2574e+00 3.8934e+00 4.76024e-02 9.40088e-01
5.4148e-01 4.0489e+00 -1.85273e-01 -8.05008e-01
2.5590e+00 3.8932e+00 -2.29904e-01 -5.48819e-01
1.1234e+01 9.4673e+00 3.35991e-01 1.02131e+00
1.0661e+01 7.6491e+00 7.90126e-01 -3.29388e-01
6.9322e-01 2.7793e+00 8.78933e-02 6.26782e-02
5.7432e+00 7.6031e-02 2.56810e-02 -4.89092e-01
1.0446e+01 3.9262e+00 3.50597e-01 -1.47453e-01
1.1793e-01 1.7312e+00 6.90281e-01 -1.22940e-01
1.0993e+01 1.0638e+01 -4.32644e-01 -8.25035e-01
1.0959e+01 5.3507e+00 5.77882e-01 8.41018e-01
4.5213e+00 1.5082e+00 1.25962e+00 -1.27671e-01
1.1291e+01 8.1369e-01 2.94431e-01 1.73133e-01
1.0376e+01 8.7947e+00 -1.19172e+00 1.98730e+00
1.1835e+01 1.1789e+01 -1.28007e+00 -2.59046e-01
8.8838e+00 2.8434e+00 1.11523e+00 -1.54569e+00
7.2791e-01 9.9284e+00 1.05621e+00 1.15870e-01
8.0407e+00 3.9113e+00 -1.01379e-01 -1.41495e+00
4.2526e+00 2.4903e+00 2.28108e-01 -1.88711e-02
9.8691e+00 1.7669e+00 -3.25882e-01 5.33240e-01
7.4203e+00 2.8719e+00 2.55942e-01 -9.42327e-01
1.0665e+01 2.7702e+00 -4.98055e-01 5.88942e-02
9.7596e+00 4.8258e+00 -2.03442e-01 8.95243e-01
