  Final positions and velocities for a Molecular Dynamics simulation
 36 KEDrain 0.999990 12.00 180.00 0.0050 1.00 1.00 
8.8953e-01 1.1494e+01 -1.81681e+00 -3.77355e-01
8.0811e+00 4.6649e+00 -2.04790e+00 -3.18140e-01
5.1472e+00 1.3366e+00 -1.37649e+00 6.69154e-01
1.3258e+00 3.0272e+00 -9.21589e-01 -2.88457e-01
8.6775e-01 1.6062e+00 4.41544e-01 1.32648e+00
1.4938e+00 1.0505e+01 -1.63619e-01 2.13231e-01
8.1087e+00 5.9720e+00 1.10847e+00 -3.26012e-01
7.4133e+00 3.8236e+00 -1.64855e-01 8.27684e-01
2.5544e+00 2.9835e+00 7.65553e-01 -2.27673e+00
6.4169e+00 4.6818e+00 -1.24215e+00 9.01048e-01
1.1423e+01 4.1605e+00 1.31234e+00 -5.32000e-01
3.4797e+00 2.2096e+00 -1.32315e-01 -6.49369e-02
4.5768e-01 8.9062e+00 -1.08579e-01 -6.83923e-02
1.1957e+01 5.9343e+00 -2.02537e-01 -1.97978e-01
1.1209e+01 9.1770e+00 1.21117e+00 8.17080e-01
6.2031e+00 5.2339e-01 4.74692e-03 1.55214e+00
1.0350e+01 4.7064e+00 2.64364e-01 -5.97310e-01
6.2663e+00 6.6543e+00 -1.58531e-01 7.81559e-01
8.3593e+00 7.7130e+00 1.18239e+00 8.96238e-01
9.6587e+00 1.2908e+00 -7.06073e-01 -6.33932e-01
1.6420e+00 6.6392e+00 6.08317e-01 -1.09051e+00
1.1918e+01 7.0544e+00 9.41201e-01 1.40639e+00
9.1205e+00 4.1145e+00 -5.56433e-04 1.33323e-01
1.0741e+01 7.3585e+00 8.16231e-01 -1.37058e+00
9.3240e+00 5.5442e+00 -3.95910e-01 -1.99781e-01
1.0070e+01 8.3019e+00 -5.55193e-01 -1.16063e+00
4.3714e+00 1.1777e+01 -1.30893e+00 2.21845e-01
7.3967e+00 8.7565e-03 5.26617e-01 1.84583e+00
8.3472e+00 1.1242e+01 5.79517e-01 -6.37484e-01
8.9004e+00 8.7047e+00 7.46862e-01 3.68187e-01
1.1282e+01 1.0295e+01 1.78990e-01 3.35856e-01
5.6093e+00 5.6397e+00 3.99897e-01 -1.06183e+00
8.9868e+00 2.8841e+00 4.70027e-01 -2.55336e-01
7.0336e+00 5.6691e+00 -1.26005e+00 2.70295e-01
1.9808e+00 1.8693e+00 1.35414e+00 -6.89658e-01
3.1050e+00 7.3170e-01 -3.50287e-01 -4.19286e-01
