  Final positions and velocities for a Molecular Dynamics simulation
 36 NoKEChange 12.00 180.00 0.0050 1.00 1.00 
9.3302e+00 4.2930e+00 -1.57447e+00 2.28851e+00
1.0705e+01 6.3651e+00 3.24672e-01 -8.44465e-01
3.4385e+00 8.8600e+00 1.85014e+00 1.04995e+00
2.7165e+00 2.4509e+00 1.07030e+00 9.91771e-01
6.6835e+00 2.4666e-01 -2.72665e-01 3.99097e-01
8.8786e+00 1.0994e+01 5.89950e-01 -1.04059e+00
1.8627e+00 1.0391e+01 1.26935e+00 2.02378e+00
3.4862e+00 4.9873e+00 1.31297e+00 -1.11096e+00
1.5315e+00 6.6223e+00 4.35309e-01 -1.08475e-01
1.0860e+01 1.0030e+01 1.10110e+00 -1.77625e-01
4.9238e+00 4.6839e+00 -1.18606e+00 9.90120e-01
7.9665e+00 2.2203e+00 -2.98768e-02 1.55866e+00
8.0405e+00 1.8073e-01 -8.53398e-01 -1.08433e+00
8.4255e+00 5.0429e+00 -2.69232e+00 -1.18765e+00
9.4437e+00 7.2897e-01 -7.23354e-01 -1.25692e+00
2.2452e+00 5.6264e+00 5.33437e-01 6.02754e-01
1.1357e-01 9.0228e+00 3.70747e-01 -4.78378e-01
5.9286e+00 4.4556e+00 7.32085e-01 4.15532e-01
1.1902e+01 6.8063e+00 -9.08664e-01 9.43524e-01
1.0452e+01 1.3400e+00 -1.60538e+00 7.99665e-01
1.1842e+01 7.9468e+00 1.81731e+00 -8.97082e-01
2.8003e+00 1.2183e+00 -2.49343e-01 1.36561e+00
8.1172e+00 7.7986e+00 1.57666e-01 -2.62362e+00
3.8208e+00 3.8080e-01 -1.94808e+00 6.19333e-01
7.7214e+00 1.0920e+01 1.30916e+00 -4.36118e-01
5.3106e+00 7.0169e+00 5.24321e-01 -5.69394e-01
4.0913e+00 7.0408e+00 -2.93000e-01 -9.26214e-01
3.1785e+00 3.6837e+00 1.84194e+00 2.85892e-01
1.0191e+01 5.4078e+00 -9.88349e-01 9.72972e-01
8.0809e+00 3.4758e+00 8.57572e-01 -7.27628e-01
1.9631e+00 1.1501e+01 1.55843e-01 -2.06475e-02
5.9224e+00 2.3410e+00 -1.74486e+00 -5.90293e-01
8.7713e-01 1.1294e+01 -1.18388e+00 -6.59317e-01
1.1972e+01 1.0307e+01 -9.23948e-01 -9.22880e-01
9.4006e-01 3.7389e-01 -1.36041e+00 -8.82243e-02
1.7281e+00 3.1511e+00 2.28419e+00 4.43649e-01
