  Final positions and velocities for a Molecular Dynamics simulation
 36 KEDrain 0.999930 12.00 180.00 0.0050 1.00 1.00 
8.1440e+00 1.6421e+00 7.49457e-01 -3.72889e-01
2.7574e+00 4.2936e+00 -7.83681e-01 4.67738e-01
2.7874e+00 2.3375e+00 -3.12631e-01 5.70977e-01
7.5833e+00 2.6583e+00 -3.66972e-01 -5.62872e-02
3.4820e+00 1.3984e+00 -1.52520e-01 9.17704e-01
4.3081e+00 5.4484e+00 6.88172e-01 1.87478e-01
1.1755e+01 1.2902e+00 -4.85334e-02 -5.34094e-01
4.4060e+00 3.4102e+00 -2.50988e-01 1.81298e-01
9.4097e+00 1.7140e+00 -2.21167e-02 1.22238e-01
3.2093e+00 5.3079e+00 -4.23846e-01 -5.77627e-01
1.0690e+01 1.6239e+00 -2.51315e-01 8.64330e-02
9.9659e+00 6.3926e-01 2.64194e-02 -4.25408e-01
6.0062e+00 1.4732e+00 4.28537e-01 1.04574e+00
6.8474e-01 1.9245e+00 4.64294e-01 1.49334e-01
5.1334e+00 2.6635e+00 3.30156e-01 -7.78553e-01
6.9007e+00 3.5815e+00 4.64735e-01 -1.82858e-01
6.2913e+00 4.5381e+00 3.46203e-01 -4.55902e-01
1.6111e+00 2.3668e+00 -5.97507e-01 -1.82964e-01
8.0766e+00 1.1809e+01 2.07980e-01 -5.48533e-01
8.8784e+00 7.5848e-01 -3.42146e-01 -3.91474e-01
7.0064e+00 1.6961e+00 -6.67652e-01 9.46990e-01
1.0089e+01 2.6056e+00 7.13755e-02 -1.29192e-01
7.6041e+00 7.2277e-01 1.09777e-01 -6.70821e-01
5.8177e+00 3.4844e+00 3.16288e-01 -4.60047e-01
8.6632e+00 2.6318e+00 -2.32068e-01 -3.92906e-01
3.9505e+00 2.3820e+00 1.41513e-01 -2.25834e-01
6.3521e+00 2.5689e+00 2.49410e-01 4.66496e-01
4.8497e+00 1.5484e+00 -8.96193e-01 6.65022e-01
8.2617e+00 3.7885e+00 -9.03124e-01 -4.16431e-01
7.3961e+00 4.5477e+00 1.35992e-01 4.32390e-01
5.0980e+00 4.4327e+00 3.02916e-01 4.24829e-02
9.2059e+00 1.1730e+01 1.59662e-01 -2.48582e-01
1.5461e+00 1.1759e+00 6.45665e-01 9.32200e-01
3.3365e+00 3.2606e+00 2.65537e-01 2.46864e-01
3.9841e+00 4.3859e+00 -3.86989e-01 -1.25590e-01
2.2487e+00 3.3640e+00 5.34193e-01 -2.85390e-01
