  Final positions and velocities for a Molecular Dynamics simulation
 36 KEDrain 0.999900 12.00 180.00 0.0050 1.00 1.00 
7.4253e+00 4.8549e+00 -2.24399e-02 -5.96584e-01
6.6424e+00 5.6638e+00 -1.55240e-01 -5.84700e-01
7.8314e+00 2.8927e+00 -1.13397e+00 8.89105e-02
7.0881e+00 6.7010e+00 3.65503e-01 3.75785e-01
8.5701e+00 4.9949e+00 -2.06458e-01 5.36659e-02
5.5131e+00 5.5155e+00 3.14079e-01 -7.17894e-01
6.6407e+00 2.8408e+00 9.07496e-02 -5.53676e-01
8.9950e+00 6.0132e+00 -5.99074e-01 -6.23708e-02
7.8157e+00 8.7876e+00 -2.24206e-01 4.69387e-01
8.1982e+00 9.7901e+00 -3.44768e-01 -1.50084e-01
1.0080e+01 9.2394e+00 3.72868e-01 1.72490e-01
5.8211e+00 3.6335e+00 3.26174e-02 -2.52377e-01
7.4083e+00 7.7566e+00 3.64725e-01 1.90795e-01
6.2726e+00 7.6003e+00 2.87817e-02 5.80472e-02
5.1046e+00 4.4949e+00 5.97423e-01 -2.07555e-01
1.1246e+01 9.3818e+00 -3.69680e-01 4.67941e-01
9.3223e+00 1.0093e+01 3.99963e-01 2.90783e-01
1.0573e+01 1.0242e+01 1.88218e-01 -8.57975e-02
6.2696e+00 4.6343e+00 -1.33263e-01 5.82287e-01
8.9264e+00 9.0622e+00 5.85537e-01 2.82561e-02
4.4792e+00 5.8789e+00 -1.10032e-02 6.08511e-01
9.2784e+00 7.0791e+00 -4.22946e-01 1.02505e-01
5.8854e+00 6.5318e+00 1.85879e-01 3.29887e-01
1.0055e+01 6.3456e+00 4.99596e-01 6.20786e-02
6.7003e+00 8.6413e+00 1.74206e-01 -1.10165e-01
9.8474e+00 1.1183e+01 -5.38434e-01 -2.64647e-01
7.0522e+00 3.8219e+00 -8.92834e-02 -2.33255e-01
9.7433e+00 5.2090e+00 6.51630e-01 2.69069e-01
8.1984e+00 6.9431e+00 -4.92133e-01 1.90169e-02
8.5438e+00 8.0061e+00 1.77300e-01 1.23527e-01
1.0864e+01 8.3707e+00 5.77722e-03 -4.54074e-01
7.0602e+00 9.6926e+00 -5.77605e-01 1.20541e-01
7.8130e+00 5.8564e+00 1.90622e-01 -3.78655e-01
1.0391e+01 7.3723e+00 -3.19759e-02 4.02258e-01
9.6515e+00 8.1539e+00 4.19940e-01 -1.94870e-01
8.1846e+00 3.9259e+00 -2.92937e-01 3.09629e-02
