  Final positions and velocities for a Molecular Dynamics simulation
 36 KEDrain 0.999900 12.00 240.00 0.0050 1.00 1.00 
7.4275e+00 4.8011e+00 5.03081e-02 1.33324e-02
6.6807e+00 5.6730e+00 5.07684e-02 -2.99058e-02
7.8819e+00 2.9657e+00 -1.49861e-01 5.35638e-02
7.0474e+00 6.7482e+00 -1.57442e-01 -3.11182e-01
8.4762e+00 5.0829e+00 1.79689e-02 -1.29542e-01
5.5713e+00 5.4173e+00 -2.24654e-01 2.20189e-01
6.8170e+00 2.7108e+00 -6.94752e-02 -3.19994e-01
8.8889e+00 6.0842e+00 1.01622e-01 -4.81644e-01
7.8126e+00 8.8333e+00 -6.39898e-02 -7.35890e-03
8.1857e+00 9.8899e+00 -3.36613e-02 -1.35078e-01
1.0039e+01 9.2067e+00 2.28290e-01 8.27633e-02
6.0509e+00 3.5234e+00 -1.04858e-01 -1.24081e-01
7.4168e+00 7.7891e+00 2.99070e-01 3.19960e-01
6.3036e+00 7.5536e+00 -1.96246e-01 1.32487e-01
5.2689e+00 4.3653e+00 1.14010e-01 -2.43620e-01
1.1188e+01 9.4103e+00 1.99194e-01 -1.11638e-01
9.2941e+00 1.0066e+01 -1.91475e-01 -2.61471e-01
1.0436e+01 1.0248e+01 2.73188e-01 -4.42832e-02
6.3659e+00 4.6041e+00 -1.30140e-03 -1.52032e-01
8.8598e+00 9.0194e+00 -2.44518e-01 1.78312e-01
4.8287e+00 6.2042e+00 -1.12709e-01 7.64812e-02
9.2425e+00 7.1404e+00 -3.64450e-02 2.22997e-01
5.9427e+00 6.4710e+00 -2.19851e-01 1.50200e-01
9.9999e+00 6.2821e+00 -2.06579e-01 2.18683e-01
6.6931e+00 8.5916e+00 1.92295e-01 -2.64013e-01
9.6483e+00 1.1153e+01 -8.30262e-02 -1.93666e-01
7.1075e+00 3.7885e+00 3.28043e-01 1.96797e-01
9.5916e+00 5.2337e+00 1.26186e-01 7.64206e-02
8.1514e+00 6.9072e+00 -4.87810e-01 7.04007e-02
8.5317e+00 7.9886e+00 2.46595e-01 3.08348e-01
1.0726e+01 8.3603e+00 -1.01682e-01 -9.25297e-02
7.0743e+00 9.6475e+00 3.76722e-01 -2.65595e-01
7.7364e+00 5.8909e+00 2.52177e-02 2.08752e-02
1.0368e+01 7.3214e+00 -6.39922e-02 4.93410e-01
9.6516e+00 8.2170e+00 7.79849e-02 3.20454e-01
8.1860e+00 4.0147e+00 4.21150e-02 1.19598e-02
