  Final positions and velocities for a Molecular Dynamics simulation
 36 KEDrain 0.999950 12.00 180.00 0.0050 1.00 1.00 
9.1012e+00 5.9732e+00 -3.40406e-01 -7.15461e-01
1.1904e+01 8.6201e+00 -5.95676e-01 -1.08636e+00
1.5753e+00 3.2489e+00 -3.00339e-02 -7.06691e-01
9.8324e+00 3.9356e+00 -4.02455e-01 -1.63889e-01
1.0658e+01 4.7341e+00 -6.94854e-02 -4.53810e-02
1.1977e+01 4.7055e+00 2.80457e-01 -3.99403e-02
7.9878e+00 1.1484e+00 -3.31007e-01 2.44959e-01
5.0104e-01 3.6643e+00 -4.25179e-01 1.49352e+00
1.1350e+01 7.5461e+00 -3.49568e-01 6.85728e-01
1.1563e+01 2.6436e+00 7.55564e-01 6.99781e-03
1.1269e+01 9.5464e+00 3.40429e-01 -4.57095e-01
1.0408e+01 2.9826e+00 5.32445e-01 7.93405e-01
8.7163e+00 3.6302e-01 -1.14988e+00 -3.76568e-01
1.5272e+00 1.0634e+01 -3.32703e-01 -1.60899e+00
8.1155e+00 5.1225e+00 2.61312e-01 -9.68328e-01
1.0785e+01 1.9069e+00 2.56350e-01 6.37778e-01
1.1496e+01 1.0616e+01 4.62352e-01 -6.12550e-01
8.6388e+00 4.0721e+00 -5.45012e-01 -6.78074e-01
1.1888e+01 1.1795e+01 3.06305e-01 -9.53976e-02
1.1158e+01 3.7858e+00 -2.01257e-01 8.78392e-02
3.1473e-01 1.4549e+00 4.62985e-01 1.04812e+00
1.0794e+01 1.1688e+01 5.13172e-01 3.41617e-02
7.8746e-01 2.4489e+00 3.66043e-01 1.45039e+00
1.0239e+01 1.0763e+01 4.80081e-01 -8.21839e-01
1.1177e+01 6.3391e+00 5.15035e-01 -1.04507e-02
1.1394e+01 8.9356e-01 -8.66468e-01 7.86903e-01
9.2794e+00 3.0158e+00 5.25193e-01 5.35966e-01
2.8250e-01 9.7694e+00 -2.89816e-01 -5.45883e-01
9.6975e+00 1.9202e+00 1.02188e-01 2.82141e-01
1.0231e+01 5.8146e+00 3.10956e-02 3.33418e-01
1.0355e+01 7.4088e-01 -1.23434e+00 7.36498e-02
7.7281e+00 6.0615e-04 6.07701e-03 -2.20933e-01
9.3704e+00 4.9435e+00 -1.38286e-02 -2.74859e-02
2.1616e+00 4.3922e+00 4.95045e-02 2.15321e-01
9.7105e+00 1.1781e+01 4.87749e-01 -3.88811e-01
7.5186e+00 4.1943e+00 4.42774e-01 8.59839e-01
