  Final positions and velocities for a Molecular Dynamics simulation
 36 NoKEChange 12.00 720.00 0.0050 1.00 1.00 
7.4858e+00 8.9221e+00 5.89716e-01 -7.25155e-01
3.2103e+00 2.5912e+00 2.67565e+00 1.09550e+00
4.4510e+00 2.9129e+00 5.79415e-01 -5.79905e-01
8.4255e+00 4.5799e+00 -7.00444e-01 2.28121e+00
1.8256e+00 3.6709e+00 -9.38991e-01 8.61518e-01
5.2833e+00 2.0555e+00 6.11658e-01 -2.27944e-01
8.5567e-01 4.3058e+00 9.05775e-01 -8.37362e-01
3.9304e+00 9.8831e+00 -1.18329e+00 -7.91232e-01
1.0250e+01 9.2403e+00 -8.80955e-02 -6.01162e-02
3.0599e+00 9.2570e+00 1.87012e+00 9.43509e-01
7.5029e+00 6.8072e+00 2.47493e-02 2.37660e-01
3.8586e+00 2.3991e-01 -3.99964e-01 1.33872e+00
1.0465e+00 8.7505e+00 1.29321e-01 -1.38230e-01
9.2619e+00 2.8996e+00 5.44288e-01 -7.01814e-01
2.6067e+00 6.5675e+00 -1.73103e-01 3.21754e-03
2.8532e+00 6.5387e-02 1.26599e+00 2.64250e+00
2.1979e+00 2.4621e+00 -1.55088e+00 1.43128e+00
6.4257e+00 1.1835e+01 -5.46804e-02 2.96082e-01
6.3319e+00 1.2110e+00 1.10100e+00 -4.27848e-01
1.0431e+01 1.1951e+00 -2.34037e-01 -1.42787e+00
1.8237e+00 1.1041e+01 4.30932e-01 -3.31153e-01
7.3988e+00 2.8908e+00 -8.38317e-01 1.35818e-01
5.4465e+00 3.7757e-01 1.45321e+00 -6.46444e-01
5.9450e-01 1.1175e+01 2.97038e-01 -1.81144e+00
9.2519e+00 3.9616e+00 -3.00860e-01 -1.02257e+00
5.0391e+00 7.8843e+00 1.61762e-01 1.29386e+00
1.0307e+01 6.4726e+00 -3.77876e-01 1.15290e+00
5.3260e+00 3.4196e+00 -3.88085e-01 -6.72171e-01
1.2215e-01 5.2958e+00 -1.43424e+00 6.14303e-01
4.9577e+00 9.2142e+00 -7.50396e-01 -4.55641e-01
9.3909e+00 1.1514e+01 -4.69290e-01 -2.94972e-01
1.1638e+01 1.0920e+01 -3.31944e+00 -1.78282e+00
1.1651e+01 2.2733e+00 -7.86612e-02 -4.85018e-01
3.3536e+00 1.2390e+00 1.27838e+00 -1.35263e+00
4.8094e+00 1.0323e+01 -6.27638e-01 2.13560e-01
1.0873e+00 7.7506e+00 -1.07146e-02 2.30703e-01
