 1, 157, 0,
 2, 97, 0,
 3, 18, 0,
 4, 36, 0,
 5, 26, 0,
 6, 102, 0,
 7, 14, 0,
 8, 26, 0,
 9, 11, 0,
 10, 12, 0,
 11, 120, 0,
 12, 92, 0,
 13, 13, 0,
 14, 25, 0,
 15, 27, 0,
 16, 51, 0,
 17, 58, 0,
 18, 42, 0,
 19, 14, 0,
 20, 33, 0,
 21, 28, 0,
 22, 12, 0,
 23, 107, 0,
 24, 33, 0,
 25, 8, 0,
 26, 97, 0,
 27, 106, 0,
 28, 12, 0,
 29, 74, 0,
 30, 91, 0,
 31, 4, 0,
 32, 13, 0,
 33, 7, 0,
 34, 18, 0,
 35, 43, 0,
 36, 157, 0,
 37, 6, 0,
 38, 147, 0,
 39, 10, 0,
 40, 267, 0,
 41, 163, 0,
 42, 21, 0,
 43, 141, 0,
 44, 237, 0,
 45, 76, 0,
 46, 176, 0,
 47, 185, 0,
 48, 71, 0,
 49, 32, 0,
 50, 67, 0,
 51, 113, 0,
 52, 105, 0,
 53, 9, 0,
 54, 176, 0,
 55, 267, 0,
 56, 7, 0,
 57, 8, 0,
 58, 5, 0,
 59, 644, 0,
 60, 22, 0,
 61, 47, 0,
 62, 54, 0,
 63, 38, 0,
 64, 98, 0,
 65, 62, 0,
 66, 12, 0,
 67, 286, 0,
 68, 28, 0,
 69, 42, 0,
 70, 130, 0,
 71, 32, 0,
 72, 161, 0,
 73, 40, 0,
 74, 169, 0,
 75, 65, 0,
 76, 27, 0,
 77, 102, 0,
 78, 1, 0,
 79, 32, 0,
 80, 179, 0,
 81, 71, 0,
 82, 180, 0,
 83, 189, 0,
 84, 15, 0,
 85, 35, 0,
 86, 442, 0,
 87, 129, 0,
 88, 40, 0,
 89, 44, 0,
 90, 53, 0,
 91, 25, 0,
 92, 144, 0,
 93, 100, 0,
 94, 57, 0,
 95, 15, 0,
 96, 160, 0,
 97, 29, 0,
 98, 101, 0,
 99, 23, 0,
 100, 114, 0,
 101, 42, 0,
 102, 22, 0,
 103, 93, 0,
 104, 53, 0,
 105, 31, 0,
 106, 29, 0,
 107, 78, 0,
 108, 96, 0,
 109, 56, 0,
 110, 23, 0,
 111, 13, 0,
 112, 31, 0,
 113, 144, 0,
 114, 45, 0,
 115, 160, 0,
 116, 76, 0,
 117, 42, 0,
 118, 2, 0,
 119, 13, 0,
 120, 40, 0,
 121, 83, 0,
 122, 7, 0,
 123, 2, 0,
 124, 172, 0,
 125, 116, 0,
 126, 124, 0,
 127, 10, 0,
 128, 96, 0,
 129, 197, 0,
 130, 33, 0,
 131, 37, 0,
 132, 66, 0,
 133, 92, 0,
 134, 160, 0,
 135, 4, 0,
 136, 64, 0,
 137, 8, 0,
 138, 2, 0,
 139, 93, 0,
 140, 43, 0,
 141, 89, 0,
 142, 7, 0,
 143, 8, 0,
 144, 153, 0,
 145, 185, 0,
 146, 5, 0,
 147, 26, 0,
 148, 46, 0,
 149, 82, 0,
 150, 62, 0,
 151, 22, 0,
 152, 54, 0,
 153, 141, 0,
 154, 64, 0,
 155, 37, 0,
 156, 242, 0,
 157, 45, 0,
 158, 2, 0,
 159, 20, 0,
 160, 89, 0,
 161, 127, 0,
 162, 77, 0,
 163, 13, 0,
 164, 186, 0,
 165, 118, 0,
 166, 98, 0,
 167, 62, 0,
 168, 5, 0,
 169, 119, 0,
 170, 9, 0,
 171, 73, 0,
 172, 26, 0,
 173, 81, 0,
 174, 86, 0,
 175, 19, 0,
 176, 39, 0,
 177, 129, 0,
 178, 180, 0,
 179, 187, 0,
 180, 13, 0,
 181, 32, 0,
 182, 107, 0,
 183, 24, 0,
 184, 54, 0,
 185, 28, 0,
 186, 657, 0,
 187, 15, 0,
 188, 16, 0,
 189, 131, 0,
 190, 62, 0,
 191, 19, 0,
 192, 167, 0,
 193, 94, 0,
 194, 69, 0,
 195, 18, 0,
 196, 138, 0,
 197, 144, 0,
 198, 22, 0,
 199, 15, 0,
 200, 61, 0,
 201, 54, 0,
 202, 54, 0,
 203, 34, 0,
 204, 119, 0,
 205, 27, 0,
 206, 62, 0,
 207, 307, 0,
 208, 26, 0,
 209, 45, 0,
 210, 77, 0,
 211, 290, 0,
 212, 48, 0,
 213, 41, 0,
 214, 56, 0,
 215, 108, 0,
 216, 198, 0,
 217, 39, 0,
 218, 10, 0,
 219, 23, 0,
 220, 199, 0,
 221, 80, 0,
 222, 69, 0,
 223, 14, 0,
 224, 14, 0,
 225, 147, 0,
 226, 11, 0,
 227, 36, 0,
 228, 2, 0,
 229, 116, 0,
 230, 55, 0,
 231, 67, 0,
 232, 62, 0,
 233, 161, 0,
 234, 118, 0,
 235, 162, 0,
 236, 116, 0,
 237, 14, 0,
 238, 79, 0,
 239, 180, 0,
 240, 18, 0,
 241, 39, 0,
 242, 161, 0,
 243, 334, 0,
 244, 120, 0,
 245, 130, 0,
 246, 170, 0,
 247, 158, 0,
 248, 16, 0,
 249, 35, 0,
 250, 111, 0,
 251, 5, 0,
 252, 23, 0,
 253, 32, 0,
 254, 63, 0,
 255, 1, 0,
 256, 25, 0,
 257, 44, 0,
 258, 178, 0,
 259, 146, 0,
 260, 31, 0,
 261, 134, 0,
 262, 133, 0,
 263, 19, 0,
 264, 24, 0,
 265, 64, 0,
 266, 130, 0,
 267, 90, 0,
 268, 70, 0,
 269, 190, 0,
 270, 78, 0,
 271, 51, 0,
 272, 105, 0,
 273, 157, 0,
 274, 78, 0,
 275, 10, 0,
 276, 136, 0,
 277, 1, 0,
 278, 2, 0,
 279, 6, 0,
 280, 27, 0,
 281, 2, 0,
 282, 91, 0,
 283, 46, 0,
 284, 79, 0,
 285, 241, 0,
 286, 183, 0,
 287, 160, 0,
 288, 58, 0,
 289, 17, 0,
 290, 3, 0,
 291, 69, 0,
 292, 45, 0,
 293, 5, 0,
 294, 88, 0,
 295, 298, 0,
 296, 13, 0,
 297, 10, 0,
 298, 256, 0,
 299, 154, 0,
 300, 39, 0,
 301, 38, 0,
 302, 9, 0,
 303, 127, 0,
 304, 55, 0,
 305, 46, 0,
 306, 93, 0,
 307, 108, 0,
 308, 75, 0,
 309, 87, 0,
 310, 11, 0,
 311, 6, 0,
 312, 31, 0,
 313, 9, 0,
 314, 3, 0,
 315, 40, 0,
 316, 28, 0,
 317, 41, 0,
 318, 182, 0,
 319, 7, 0,
 320, 25, 0,
 321, 94, 0,
 322, 23, 0,
 323, 109, 0,
 324, 10, 0,
 325, 144, 0,
 326, 49, 0,
 327, 4, 0,
 328, 30, 0,
 329, 100, 0,
 330, 70, 0,
 331, 99, 0,
 332, 293, 0,
 333, 256, 0,
 334, 165, 0,
 335, 19, 0,
 336, 264, 0,
 337, 248, 0,
 338, 35, 0,
 339, 5, 0,
 340, 102, 0,
 341, 147, 0,
 342, 141, 0,
 343, 235, 0,
 344, 28, 0,
 345, 37, 0,
 346, 167, 0,
 347, 43, 0,
 348, 92, 0,
 349, 17, 0,
 350, 44, 0,
 351, 83, 0,
 352, 24, 0,
 353, 101, 0,
 354, 20, 0,
 355, 50, 0,
 356, 289, 0,
 357, 97, 0,
 358, 74, 0,
 359, 115, 0,
 360, 106, 0,
 361, 88, 0,
 362, 3, 0,
 363, 65, 0,
 364, 461, 0,
 365, 93, 0,
 366, 69, 0,
 367, 29, 0,
 368, 8, 0,
 369, 16, 0,
 370, 17, 0,
 371, 147, 0,
 372, 84, 0,
 373, 2, 0,
 374, 32, 0,
 375, 121, 0,
 376, 10, 0,
 377, 127, 0,
 378, 5, 0,
 379, 173, 0,
 380, 103, 0,
 381, 148, 0,
 382, 35, 0,
 383, 195, 0,
 384, 36, 0,
 385, 16, 0,
 386, 26, 0,
 387, 18, 0,
 388, 46, 0,
 389, 14, 0,
 390, 5, 0,
 391, 98, 0,
 392, 70, 0,
 393, 295, 0,
 394, 14, 0,
 395, 86, 0,
 396, 292, 0,
 397, 188, 0,
 398, 27, 0,
 399, 97, 0,
 400, 3, 0,
 401, 37, 0,
 402, 3, 0,
 403, 45, 0,
 404, 147, 0,
 405, 47, 0,
 406, 24, 0,
 407, 38, 0,
 408, 155, 0,
 409, 53, 0,
 410, 72, 0,
 411, 31, 0,
 412, 117, 0,
 413, 23, 0,
 414, 110, 0,
 415, 41, 0,
 416, 38, 0,
 417, 10, 0,
 418, 18, 0,
 419, 74, 0,
 420, 69, 0,
 421, 32, 0,
 422, 16, 0,
 423, 6, 0,
 424, 105, 0,
 425, 28, 0,
 426, 105, 0,
 427, 304, 0,
 428, 25, 0,
 429, 233, 0,
 430, 38, 0,
 431, 60, 0,
 432, 113, 0,
 433, 51, 0,
 434, 2, 0,
 435, 76, 0,
 436, 121, 0,
 437, 64, 0,
 438, 44, 0,
 439, 5, 0,
 440, 3, 0,
 441, 25, 0,
 442, 27, 0,
 443, 33, 0,
 444, 148, 0,
 445, 47, 0,
 446, 64, 0,
 447, 41, 0,
 448, 32, 0,
 449, 19, 0,
 450, 46, 0,
 451, 57, 0,
 452, 65, 0,
 453, 74, 0,
 454, 39, 0,
 455, 52, 0,
 456, 63, 0,
 457, 74, 0,
 458, 25, 0,
 459, 5, 0,
 460, 117, 0,
 461, 8, 0,
 462, 26, 0,
 463, 127, 0,
 464, 242, 0,
 465, 47, 0,
 466, 48, 0,
 467, 55, 0,
 468, 5, 0,
 469, 95, 0,
 470, 82, 0,
 471, 4, 0,
 472, 35, 0,
 473, 48, 0,
 474, 42, 0,
 475, 5, 0,
 476, 4, 0,
 477, 98, 0,
 478, 8, 0,
 479, 413, 0,
 480, 60, 0,
 481, 30, 0,
 482, 7, 0,
 483, 170, 0,
 484, 95, 0,
 485, 69, 0,
 486, 270, 0,
 487, 301, 0,
 488, 18, 0,
 489, 61, 0,
 490, 6, 0,
 491, 70, 0,
 492, 75, 0,
 493, 399, 0,
 494, 76, 0,
 495, 57, 0,
 496, 46, 0,
 497, 159, 0,
 498, 182, 0,
 499, 47, 0,
 500, 78, 0,
 501, 63, 0,
 502, 5, 0,
 503, 57, 0,
 504, 146, 0,
 505, 38, 0,
 506, 8, 0,
 507, 85, 0,
 508, 69, 0,
 509, 56, 0,
 510, 43, 0,
 511, 105, 0,
 512, 105, 0,
 513, 68, 0,
 514, 117, 0,
 515, 89, 0,
 516, 82, 0,
 517, 23, 0,
 518, 163, 0,
 519, 8, 0,
 520, 13, 0,
 521, 101, 0,
 522, 255, 0,
 523, 86, 0,
 524, 47, 0,
 525, 8, 0,
 526, 100, 0,
 527, 54, 0,
 528, 142, 0,
 529, 9, 0,
 530, 148, 0,
 531, 124, 0,
 532, 350, 0,
 533, 32, 0,
 534, 174, 0,
 535, 35, 0,
 536, 200, 0,
 537, 109, 0,
 538, 76, 0,
 539, 98, 0,
 540, 73, 0,
 541, 95, 0,
 542, 30, 0,
 543, 487, 0,
 544, 82, 0,
 545, 120, 0,
 546, 72, 0,
 547, 102, 0,
 548, 243, 0,
 549, 16, 0,
 550, 46, 0,
 551, 68, 0,
 552, 124, 0,
 553, 115, 0,
 554, 156, 0,
 555, 13, 0,
 556, 20, 0,
 557, 129, 0,
 558, 15, 0,
 559, 23, 0,
 560, 22, 0,
 561, 91, 0,
 562, 378, 0,
 563, 86, 0,
 564, 96, 0,
 565, 113, 0,
 566, 25, 0,
 567, 51, 0,
 568, 59, 0,
 569, 44, 0,
 570, 72, 0,
 571, 54, 0,
 572, 9, 0,
 573, 35, 0,
 574, 54, 0,
 575, 197, 0,
 576, 42, 0,
 577, 18, 0,
 578, 272, 0,
 579, 188, 0,
 580, 52, 0,
 581, 11, 0,
 582, 11, 0,
 583, 50, 0,
 584, 14, 0,
 585, 28, 0,
 586, 65, 0,
 587, 99, 0,
 588, 145, 0,
 589, 78, 0,
 590, 154, 0,
 591, 182, 0,
 592, 195, 0,
 593, 562, 0,
 594, 53, 0,
 595, 62, 0,
 596, 12, 0,
 597, 98, 0,
 598, 167, 0,
 599, 60, 0,
 600, 44, 0,
 601, 2, 0,
 602, 47, 0,
 603, 77, 0,
 604, 157, 0,
 605, 38, 0,
 606, 15, 0,
 607, 224, 0,
 608, 215, 0,
 609, 74, 0,
 610, 76, 0,
 611, 5, 0,
 612, 13, 0,
 613, 274, 0,
 614, 146, 0,
 615, 57, 0,
 616, 65, 0,
 617, 217, 0,
 618, 56, 0,
 619, 75, 0,
 620, 79, 0,
 621, 179, 0,
 622, 188, 0,
 623, 69, 0,
 624, 50, 0,
 625, 295, 0,
 626, 281, 0,
 627, 32, 0,
 628, 56, 0,
 629, 47, 0,
 630, 52, 0,
 631, 8, 0,
 632, 5, 0,
 633, 62, 0,
 634, 52, 0,
 635, 86, 0,
 636, 16, 0,
 637, 34, 0,
 638, 109, 0,
 639, 27, 0,
 640, 8, 0,
 641, 27, 0,
 642, 183, 0,
 643, 34, 0,
 644, 139, 0,
 645, 128, 0,
 646, 8, 0,
 647, 132, 0,
 648, 26, 0,
 649, 12, 0,
 650, 65, 0,
 651, 16, 0,
 652, 304, 0,
 653, 121, 0,
 654, 122, 0,
 655, 254, 0,
 656, 305, 0,
 657, 89, 0,
 658, 399, 0,
 659, 208, 0,
 660, 20, 0,
 661, 90, 0,
 662, 319, 0,
 663, 179, 0,
 664, 379, 0,
 665, 56, 0,
 666, 6, 0,
 667, 55, 0,
 668, 49, 0,
 669, 156, 0,
 670, 162, 0,
 671, 44, 0,
 672, 548, 0,
 673, 57, 0,
 674, 172, 0,
 675, 18, 0,
 676, 24, 0,
 677, 127, 0,
 678, 50, 0,
 679, 133, 0,
 680, 67, 0,
 681, 50, 0,
 682, 73, 0,
 683, 97, 0,
 684, 8, 0,
 685, 45, 0,
 686, 4, 0,
 687, 54, 0,
 688, 42, 0,
 689, 35, 0,
 690, 10, 0,
 691, 50, 0,
 692, 32, 0,
 693, 6, 0,
 694, 18, 0,
 695, 63, 0,
 696, 183, 0,
 697, 85, 0,
 698, 123, 0,
 699, 105, 0,
 700, 34, 0,
 701, 157, 0,
 702, 82, 0,
 703, 17, 0,
 704, 129, 0,
 705, 76, 0,
 706, 14, 0,
 707, 178, 0,
 708, 227, 0,
 709, 136, 0,
 710, 9, 0,
 711, 52, 0,
 712, 77, 0,
 713, 102, 0,
 714, 28, 0,
 715, 163, 0,
 716, 38, 0,
 717, 11, 0,
 718, 265, 0,
 719, 73, 0,
 720, 144, 0,
 721, 2, 0,
 722, 91, 0,
 723, 10, 0,
 724, 300, 0,
 725, 26, 0,
 726, 2, 0,
 727, 46, 0,
 728, 36, 0,
 729, 35, 0,
 730, 35, 0,
 731, 18, 0,
 732, 230, 0,
 733, 112, 0,
 734, 333, 0,
 735, 194, 0,
 736, 190, 0,
 737, 219, 0,
 738, 56, 0,
 739, 2, 0,
 740, 64, 0,
 741, 29, 0,
 742, 134, 0,
 743, 80, 0,
 744, 112, 0,
 745, 30, 0,
 746, 1, 0,
 747, 56, 0,
 748, 85, 0,
 749, 10, 0,
 750, 53, 0,
 751, 94, 0,
 752, 34, 0,
 753, 132, 0,
 754, 48, 0,
 755, 59, 0,
 756, 7, 0,
 757, 24, 0,
 758, 82, 0,
 759, 161, 0,
 760, 29, 0,
 761, 13, 0,
 762, 2, 0,
 763, 168, 0,
 764, 9, 0,
 765, 81, 0,
 766, 36, 0,
 767, 77, 0,
 768, 258, 0,
 769, 62, 0,
 770, 518, 0,
 771, 92, 0,
 772, 100, 0,
 773, 103, 0,
 774, 52, 0,
 775, 53, 0,
 776, 40, 0,
 777, 68, 0,
 778, 74, 0,
 779, 58, 0,
 780, 194, 0,
 781, 19, 0,
 782, 174, 0,
 783, 172, 0,
 784, 40, 0,
 785, 26, 0,
 786, 150, 0,
 787, 17, 0,
 788, 82, 0,
 789, 90, 0,
 790, 7, 0,
 791, 19, 0,
 792, 7, 0,
 793, 18, 0,
 794, 150, 0,
 795, 298, 0,
 796, 111, 0,
 797, 69, 0,
 798, 34, 0,
 799, 95, 0,
 800, 72, 0,
 801, 6, 0,
 802, 13, 0,
 803, 67, 0,
 804, 155, 0,
 805, 221, 0,
 806, 54, 0,
 807, 19, 0,
 808, 78, 0,
 809, 65, 0,
 810, 163, 0,
 811, 8, 0,
 812, 78, 0,
 813, 57, 0,
 814, 108, 0,
 815, 66, 0,
 816, 60, 0,
 817, 108, 0,
 818, 284, 0,
 819, 34, 0,
 820, 85, 0,
 821, 6, 0,
 822, 141, 0,
 823, 470, 0,
 824, 58, 0,
 825, 224, 0,
 826, 104, 0,
 827, 169, 0,
 828, 11, 0,
 829, 14, 0,
 830, 189, 0,
 831, 74, 0,
 832, 86, 0,
 833, 217, 0,
 834, 62, 0,
 835, 82, 0,
 836, 17, 0,
 837, 70, 0,
 838, 221, 0,
 839, 17, 0,
 840, 9, 0,
 841, 231, 0,
 842, 54, 0,
 843, 132, 0,
 844, 5, 0,
 845, 99, 0,
 846, 45, 0,
 847, 262, 0,
 848, 116, 0,
 849, 282, 0,
 850, 35, 0,
 851, 422, 0,
 852, 45, 0,
 853, 148, 0,
 854, 48, 0,
 855, 81, 0,
 856, 104, 0,
 857, 304, 0,
 858, 79, 0,
 859, 12, 0,
 860, 165, 0,
 861, 52, 0,
 862, 24, 0,
 863, 24, 0,
 864, 54, 0,
 865, 79, 0,
 866, 53, 0,
 867, 56, 0,
 868, 70, 0,
 869, 2, 0,
 870, 22, 0,
 871, 68, 0,
 872, 679, 0,
 873, 21, 0,
 874, 9, 0,
 875, 126, 0,
 876, 43, 0,
 877, 41, 0,
 878, 64, 0,
 879, 43, 0,
 880, 11, 0,
 881, 114, 0,
 882, 37, 0,
 883, 309, 0,
 884, 21, 0,
 885, 98, 0,
 886, 150, 0,
 887, 29, 0,
 888, 13, 0,
 889, 9, 0,
 890, 3, 0,
 891, 24, 0,
 892, 23, 0,
 893, 54, 0,
 894, 106, 0,
 895, 3, 0,
 896, 24, 0,
 897, 71, 0,
 898, 18, 0,
 899, 56, 0,
 900, 190, 0,
 901, 77, 0,
 902, 3, 0,
 903, 90, 0,
 904, 33, 0,
 905, 70, 0,
 906, 18, 0,
 907, 274, 0,
 908, 391, 0,
 909, 217, 0,
 910, 26, 0,
 911, 19, 0,
 912, 29, 0,
 913, 135, 0,
 914, 85, 0,
 915, 53, 0,
 916, 60, 0,
 917, 48, 0,
 918, 53, 0,
 919, 101, 0,
 920, 129, 0,
 921, 80, 0,
 922, 306, 0,
 923, 13, 0,
 924, 225, 0,
 925, 37, 0,
 926, 624, 0,
 927, 40, 0,
 928, 70, 0,
 929, 241, 0,
 930, 508, 0,
 931, 52, 0,
 932, 20, 0,
 933, 24, 0,
 934, 28, 0,
 935, 372, 0,
 936, 14, 0,
 937, 165, 0,
 938, 153, 0,
 939, 24, 0,
 940, 213, 0,
 941, 10, 0,
 942, 101, 0,
 943, 42, 0,
 944, 105, 0,
 945, 75, 0,
 946, 9, 0,
 947, 9, 0,
 948, 87, 0,
 949, 22, 0,
 950, 90, 0,
 951, 117, 0,
 952, 102, 0,
 953, 57, 0,
 954, 138, 0,
 955, 50, 0,
 956, 125, 0,
 957, 53, 0,
 958, 14, 0,
 959, 105, 0,
 960, 134, 0,
 961, 151, 0,
 962, 24, 0,
 963, 80, 0,
 964, 4, 0,
 965, 18, 0,
 966, 8, 0,
 967, 9, 0,
 968, 131, 0,
 969, 30, 0,
 970, 19, 0,
 971, 34, 0,
 972, 143, 0,
 973, 25, 0,
 974, 22, 0,
 975, 9, 0,
 976, 2, 0,
 977, 242, 0,
 978, 47, 0,
 979, 82, 0,
 980, 150, 0,
 981, 93, 0,
 982, 261, 0,
 983, 229, 0,
 984, 20, 0,
 985, 14, 0,
 986, 4, 0,
 987, 8, 0,
 988, 33, 0,
 989, 31, 0,
 990, 4, 0,
 991, 6, 0,
 992, 201, 0,
 993, 10, 0,
 994, 28, 0,
 995, 149, 0,
 996, 21, 0,
 997, 68, 0,
 998, 134, 0,
 999, 25, 0,
 1000, 48, 0,
